{
  "metadata": {
    "research_project": "MIRAE",
    "experiment_type": "Multi-level Consistency Analysis (Levels 1-7)",
    "model": "claude-3-5-haiku-20241022",
    "language": "Chinese",
    "num_repetitions": 5,
    "embedding_model": "sentence-transformers/all-MiniLM-L6-v2",
    "similarity_metric": "Cosine Similarity (SBERT)",
    "total_questions_analyzed": 40,
    "levels_analyzed": "1-7"
  },
  "experiment_results": [
    {
      "question_id": 1,
      "domain": "FACTUAL",
      "level_analyses": [
        {
          "level": 1,
          "question_text": "哪个国家是全球陆地面积最大的，它的首都叫什么名字？...",
          "num_responses": 5,
          "similarity_analysis": {
            "mean_similarity": 0.8839708566665649,
            "std_similarity": 0.04991903156042099,
            "max_similarity": 0.9656805992126465,
            "min_similarity": 0.8139334321022034
          },
          "pairwise_similarities": [
            [
              1.0,
              0.9154064059257507,
              0.8139334321022034,
              0.9430243372917175,
              0.8403527140617371
            ],
            [
              0.9154064059257507,
              1.000000238418579,
              0.8436957597732544,
              0.9656805992126465,
              0.908509373664856
            ],
            [
              0.8139334321022034,
              0.8436957597732544,
              1.0,
              0.8222423791885376,
              0.9127407073974609
            ],
            [
              0.9430243372917175,
              0.9656805992126465,
              0.8222423791885376,
              1.0,
              0.8741225600242615
            ],
            [
              0.8403527140617371,
              0.908509373664856,
              0.9127407073974609,
              0.8741225600242615,
              1.0
            ]
          ],
          "responses": [
            "俄罗斯是全球陆地面积最大的国家。\n\n俄罗斯的陆地面积约为17,098,242平方公里，几乎占据了欧亚大陆的北半部。它跨越了欧洲和亚洲两大洲，是世界上面积最大的国家。\n\n俄罗斯的首都是莫斯科（Moscow），它位于俄罗斯的西部，是该国最大的城市，也是政治、经济、文化和科技中心。莫斯科历史悠久，有着丰富的历史遗迹和文化景观，如红场、克里姆林宫等著名景点。",
            "俄罗斯是全球陆地面积最大的国家。\n\n俄罗斯的陆地面积约为17,098,246平方公里，占全球陆地总面积的11%左右。它跨越欧亚大陆，横跨东欧和北亚两大洲。\n\n俄罗斯的首都是莫斯科（Moscow）。莫斯科是俄罗斯最大的城市，也是该国的政治、经济、文化中心。它位于俄罗斯西部的莫斯科河畔，是一座历史悠久的城市，拥有众多著名的历史建筑和文化景点。",
            "俄罗斯是全球陆地面积最大的国家。\n\n俄罗斯的陆地面积约为17,098,242平方公里，占全球陆地总面积的11%。它横跨欧亚大陆，跨越两个大洲，并延伸到北极地区。\n\n俄罗斯的首都是莫斯科（Moscow），位于俄罗斯西部，是该国最大的城市。莫斯科是俄罗斯的政治、经济、文化和科技中心，也是世界著名的大都市。\n\n一些有趣的事实：\n1. 俄罗斯比第二大国加拿大的面积还大近近两倍\n2. 俄罗斯跨越11个时区\n3. 莫斯科是世界上人口最多的欧洲城市之一",
            "俄罗斯是全球陆地面积最大的国家。\n\n俄罗斯的陆地面积约为17,098,242平方公里，占全球陆地总面积的11%左右。它横跨欧亚大陆，跨越了两个大洲。\n\n俄罗斯的首都是莫斯科（Moscow）。莫斯科是俄罗斯最大的城市，也是该国的政治、经济、文化中心。它位于俄罗斯欧洲部分的中西部，是世界著名的历史古都，拥有克里姆林宫等众多历史遗迹和文化景点。",
            "俄罗斯是全球陆地面积最大的国家。\n\n俄罗斯的面积约为17,098,242平方公里，占地球陆地总面积的11%。\n\n俄罗斯的首都是莫斯科（Moscow），它位于俄罗斯的西部，是该国最大的城市，也是政治、经济、文化中心。莫斯科有悠久的历史，被誉为俄罗斯的心脏。\n\n一些关于俄罗斯的有趣事实：\n1. 俄罗斯横跨欧亚大陆\n2. 跨越11个时区\n3. 拥有大量自然资源\n4. 人口约1.45亿\n5. 官方语言是俄语"
          ]
        },
        {
          "level": 2,
          "question_text": "对于那些对全球地理事实和国家统计数据感兴趣的人，哪个国家被公认为全球陆地面积最大的国家，以及它的首都城市（一个重要的城市中心）叫什么名字？...",
          "num_responses": 5,
          "similarity_analysis": {
            "mean_similarity": 0.7909436821937561,
            "std_similarity": 0.07587753981351852,
            "max_similarity": 0.8996194005012512,
            "min_similarity": 0.6758283376693726
          },
          "pairwise_similarities": [
            [
              1.0,
              0.8911730051040649,
              0.7616837024688721,
              0.742924153804779,
              0.8380560278892517
            ],
            [
              0.8911730051040649,
              1.0000001192092896,
              0.7914221286773682,
              0.754109263420105,
              0.8649341464042664
            ],
            [
              0.7616837024688721,
              0.7914221286773682,
              1.0,
              0.8996194005012512,
              0.6896868348121643
            ],
            [
              0.742924153804779,
              0.754109263420105,
              0.8996194005012512,
              1.0,
              0.6758283376693726
            ],
            [
              0.8380560278892517,
              0.8649341464042664,
              0.6896868348121643,
              0.6758283376693726,
              1.0000001192092896
            ]
          ],
          "responses": [
            "对于这个问题，我可以很明确地回答：\n\n俄罗斯是全球陆地面积最大的国家，总面积约为17,098,242平方公里。它的首都是莫斯科（Moscow），这是一个历史悠久且极其重要的城市，位于俄罗斯西部，是该国的政治、经济、文化和科技中心。\n\n莫斯科不仅是俄罗斯的首都，还是世界上人口最多的城市之一，拥有超过1200万居民。这座城市有着丰富的历史和文化遗产，以红场和克里姆林宫等标志性建筑而闻名。\n\n俄罗斯不仅在陆地面积上是世界最大的国家，其领土横跨欧亚大陆，覆盖了从东欧到北亚的广阔地区，跨越了11个时区。",
            "俄罗斯是世界上陆地面积最大的国家。\n\n俄罗斯的总陆地面积约为17,098,242平方公里，几乎占据了世界陆地面积的十分之一。它横跨欧亚大陆，从东欧平原一直延伸到太平洋沿岸。\n\n俄罗斯的首都是莫斯科（Moscow），这是该国最重要的政治、经济和文化中心。莫斯科位于俄罗斯的欧洲部分，是一座历史悠久、人口众多的大都市，拥有丰富的历史遗迹和现代化的城市景观。\n\n作为世界上面积最大的国家，俄罗斯拥有极其多样的地理环境，包括广阔的森林、冻原、山脉和河流系统。",
            "俄罗斯是世界上陆地面积最大的国家。它的首都是莫斯科（Moscow），这是一个历史悠久、文化丰富且非常重要的城市。\n\n俄罗斯的具体陆地面积约为17,098,242平方公里，覆盖了世界陆地面积的11%以上。莫斯科作为俄罗斯的政治、经济和文化中心，位于国家的西部，是一个拥有超过1200万人口的大都市。这座城市有着悠久的历史，是俄罗斯联邦的政治和行政中心。",
            "俄罗斯是全球陆地面积最大的国家，其总面积约为17,098,242平方公里。俄罗斯的首都是莫斯科（Moscow），这是一个历史悠久、文化丰富且极其重要的城市中心，位于俄罗斯西部，是该国政治、经济、文化和科技的核心。莫斯科不仅是俄罗斯最大的城市，也是欧洲人口最多的城市之一，拥有超过1,200万居民。",
            "俄罗斯是全球陆地面积最大的国家，其首都是莫斯科。以下是一些具体细节：\n\n1. 陆地面积：\n- 俄罗斯的陆地面积约为17,098,242平方公里\n- 这是世界上任何单一国家的最大陆地面积\n\n2. 首都莫斯科：\n- 位于俄罗斯西部\n- 是俄罗斯最大的城市\n- 政治、经济和文化中心\n- 人口约1,250万\n\n3. 地理位置：\n- 跨越欧洲和亚洲两大洲\n- 包括多样的地理景观，从欧洲平原到西伯利亚的寒带森林和远东的山脉\n\n4. 国家特点：\n- 世界上领土面积最大的国家\n- 拥有广泛的自然资源\n- 有丰富的历史和文化传统"
          ]
        },
        {
          "level": 3,
          "question_text": "对于任何正在汇编全球综合地理数据或进行国家规模和影响力比较研究的人来说，识别以下信息至关重要：哪个具体的、毫无争议地是全球陆地面积最大的主权国家（仅考虑其陆地表面，严格排除领海），以及其首都的精确的、...",
          "num_responses": 5,
          "similarity_analysis": {
            "mean_similarity": 0.8701726794242859,
            "std_similarity": 0.04430535435676575,
            "max_similarity": 0.9232719540596008,
            "min_similarity": 0.7836447358131409
          },
          "pairwise_similarities": [
            [
              1.0,
              0.8962188363075256,
              0.7943267226219177,
              0.9232719540596008,
              0.8880752325057983
            ],
            [
              0.8962188363075256,
              1.0000001192092896,
              0.8520602583885193,
              0.8858703374862671,
              0.9094354510307312
            ],
            [
              0.7943267226219177,
              0.8520602583885193,
              0.9999999403953552,
              0.7836447358131409,
              0.8894097208976746
            ],
            [
              0.9232719540596008,
              0.8858703374862671,
              0.7836447358131409,
              1.0,
              0.8794143199920654
            ],
            [
              0.8880752325057983,
              0.9094354510307312,
              0.8894097208976746,
              0.8794143199920654,
              1.0
            ]
          ],
          "responses": [
            "根据您的问题，我可以明确回答：\n\n1. 全球陆地面积最大的主权国家：俄罗斯联邦\n\n2. 俄罗斯的首都：莫斯科（Moscow，俄语：Москва，Moskva）\n\n补充说明：\n- 俄罗斯陆地面积约17,098,242平方公里\n- 莫斯科是俄罗斯的政治、经济、文化和科学中心\n- 莫斯科同时也是俄罗斯最大的城市，位于国家西部\n- 作为联邦主体，莫斯科是俄罗斯的首都和最重要的城市\n\n这些信息准确、明确且毫无争议，可以为地理研究和国家比较提供可靠的基础数据。",
            "对于您提出的问题，我可以明确回答：\n\n俄罗斯联邦是世界上陆地面积最大的主权国家，其陆地面积约为17,098,242平方公里。\n\n其首都是莫斯科（Moscow），这座城市位于俄罗斯欧洲部分的中西部，是该国的政治、经济、文化和科技中心。莫斯科不仅是俄罗斯最大的城市，也是欧洲人口最多的城市之一。\n\n这个答案是毫无争议的，符合国际地理和政治学的普遍认知，并且得到了联合国和国际社会的广泛认可。",
            "对于您提出的问题，我可以明确地回答：\n\n俄罗斯联邦是全球陆地面积最大的主权国家，其陆地面积约为17,098,242平方公里。\n\n俄罗斯的首都是莫斯科（Moscow），在俄语中称为\"Москва\"（Moskva）。莫斯科确实是俄罗斯的政治、行政、经济和文化中心，位于国家的西部欧洲地区。\n\n这个答案是毫无争议的，符合国际公认的地理和政治标准。",
            "根据您的具体要求，我可以明确回答：\n\n俄罗斯联邦是全球陆地面积最大的主权国家，其陆地面积约为17,098,242平方公里。\n\n俄罗斯的首都是莫斯科（Москва，俄语原名；Moscow，英语名称），它同时也是该国最重要的政治、经济、文化和科技中心。莫斯科位于俄罗斯西部，是联邦直辖市，也是俄罗斯最大的城市。\n\n这个回答完全符合您提出的精确性和权威性要求：\n1. 明确指出陆地面积最大的主权国家\n2. 提供官方首都名称\n3. 确认首都的行政和综合功能地位",
            "对于您提出的问题，我可以明确回答：\n\n俄罗斯联邦是全球陆地面积最大的主权国家，总陆地面积约17,098,242平方公里。\n\n其首都是莫斯科（Moscow），位于俄罗斯西部，是该国的政治、经济、文化和科技中心。莫斯科不仅是俄罗斯的行政中心，还是世界上人口最多的欧洲城市之一，在俄罗斯具有极其重要的战略地位。\n\n这两个信息都是毫无争议且官方认可的事实，可以用于地理和国家比较研究。"
          ]
        },
        {
          "level": 4,
          "question_text": "为了进行全面的地理分析、国际关系研究、人口学研究以及跨学科的教育目的，准确识别和理解以下两点至关重要：哪个特定的主权国家拥有全球陆地面积最大的无可争议的头衔——这一测量严格指其总陆地表面积，明确排除所...",
          "num_responses": 5,
          "similarity_analysis": {
            "mean_similarity": 0.8697056770324707,
            "std_similarity": 0.03762515261769295,
            "max_similarity": 0.9393216967582703,
            "min_similarity": 0.8119786977767944
          },
          "pairwise_similarities": [
            [
              1.0,
              0.896329402923584,
              0.8250967264175415,
              0.9393216967582703,
              0.865075409412384
            ],
            [
              0.896329402923584,
              1.0,
              0.8412871956825256,
              0.8939200639724731,
              0.8862174153327942
            ],
            [
              0.8250967264175415,
              0.8412871956825256,
              0.9999999403953552,
              0.8119786977767944,
              0.8407222032546997
            ],
            [
              0.9393216967582703,
              0.8939200639724731,
              0.8119786977767944,
              1.0000001192092896,
              0.8971078395843506
            ],
            [
              0.865075409412384,
              0.8862174153327942,
              0.8407222032546997,
              0.8971078395843506,
              1.0000001192092896
            ]
          ],
          "responses": [
            "根据您的详细描述，我将精确回答这两个关键问题：\n\n1. 陆地面积最大的主权国家：俄罗斯联邦\n\n面积：17,098,242平方公里（仅计算陆地面积，不包括内水和海洋区域）\n\n2. 首都名称：莫斯科（Москва，英文：Moscow）\n\n莫斯科作为俄罗斯的首都，不仅是政治中心，还是该国最重要的文化、经济和人口中心，承载着国家的政府、立法、司法和行政职能。\n\n这个回答完全符合您对准确性、全面性和学术严谨性的要求，为研究人员和学生提供了精确的基础性地理政治信息。",
            "根据您的详细描述，我将为您提供精确的答案：\n\n主权国家：俄罗斯联邦（Russian Federation）\n\n首都：莫斯科（Moscow）\n\n关于陆地面积的具体细节：\n1. 总陆地面积约17,098,242平方公里\n2. 是全球陆地面积最大的国家\n3. 跨越欧亚大陆\n4. 覆盖北亚和东欧大部分地区\n\n关于莫斯科的重要信息：\n1. 官方首都\n2. 政治、经济、文化中心\n3. 位于俄罗斯西部\n4. 人口约1,257万（2021年数据）\n5. 为俄罗斯联邦的核心行政和治理中心\n\n这些信息可为地理、国际关系、人口学等多学科研究提供准确的基础性参考。",
            "根据您的详细描述，我可以为您提供明确和准确的信息：\n\n1. 陆地面积最大的主权国家：俄罗斯联邦（Russian Federation）\n\n精确数据：\n- 总陆地面积：17,098,242平方公里\n- 这一数据仅指陆地表面积，不包含内水、领海和其他海洋区域\n\n2. 首都名称：莫斯科（Moscow）\n\n关于莫斯科的补充信息：\n- 俄语正式名称：Москва (Moskva)\n- 作为俄罗斯的政治、经济、文化和行政中心\n- 位于欧洲俄罗斯部分的西部\n- 是俄罗斯最大的城市，也是全球最大的城市之一\n\n这些信息可为学术研究、地理分析和国际关系研究提供准确的基础性参考。",
            "根据您的详细问题，我将精确地回答两个关键方面：\n\n1. 陆地面积最大的主权国家：\n俄罗斯联邦（Russian Federation）\n\n陆地总面积：17,098,242平方公里，这一数据严格指陆地面积，不包括内水、领海等海洋区域。\n\n2. 首都名称：\n莫斯科（Moscow）\n\n莫斯科作为俄罗斯的首都，是：\n- 政府所在地\n- 立法中心\n- 司法行政中心\n- 主要文化、经济和人口中心\n\n这个回答提供了准确、明确的地理和政治信息，可以支持跨学科研究和教育目的。",
            "根据您的详细问题，我为您提供精确的答案：\n\n国家：俄罗斯联邦（Russian Federation）\n陆地面积：17,098,246平方公里（截至最新官方数据）\n首都：莫斯科（Moscow）\n\n补充说明：\n1. 陆地面积测量严格基于陆地表面积，不包括内水、领海等\n2. 莫斯科作为俄罗斯的政治、行政、文化和经济中心\n3. 俄罗斯是世界上陆地面积最大的国家，占全球陆地总面积的约11%\n\n这个信息对于地理研究、国际关系分析和跨学科教育具有重要的基础性意义。"
          ]
        },
        {
          "level": 5,
          "question_text": "为了进行全面的地理分析、国际关系研究、人口学研究以及跨学科的教育目的，准确识别和理解以下内容至关重要：哪个特定的主权国家拥有全球陆地面积最大的无可争议的称号（该测量严格指其陆地总表面积，明确排除所有内...",
          "num_responses": 5,
          "similarity_analysis": {
            "mean_similarity": 0.8655232191085815,
            "std_similarity": 0.050701022148132324,
            "max_similarity": 0.9410331845283508,
            "min_similarity": 0.7870492935180664
          },
          "pairwise_similarities": [
            [
              1.0,
              0.7887641191482544,
              0.8391673564910889,
              0.9206938147544861,
              0.9410331845283508
            ],
            [
              0.7887641191482544,
              1.0000001192092896,
              0.9074879288673401,
              0.8584571480751038,
              0.7870492935180664
            ],
            [
              0.8391673564910889,
              0.9074879288673401,
              1.0000001192092896,
              0.8769686818122864,
              0.834165632724762
            ],
            [
              0.9206938147544861,
              0.8584571480751038,
              0.8769686818122864,
              1.0,
              0.9014450311660767
            ],
            [
              0.9410331845283508,
              0.7870492935180664,
              0.834165632724762,
              0.9014450311660767,
              1.0
            ]
          ],
          "responses": [
            "根据您详细的问题，我将全面回答：\n\n国家：俄罗斯联邦\n首都：莫斯科(Moscow)\n\n陆地面积详细分析：\n1. 总陆地面积：17,098,246平方公里\n2. 全球最大陆地国家\n3. 横跨欧亚大陆\n\n方法论挑战：\n- 测量标准差异\n- 地图投影变形\n- 卫星测量精度\n- 陆地边界定义不同\n\n地理政治影响：\n1. 资源丰富\n2. 战略地理位置\n3. 基础设施建设成本高\n4. 边境管理复杂\n5. 生态多样性保护难度大\n\n首都选择因素：\n- 历史传统\n- 地理中心性\n- 经济发展\n- 文化象征\n- 安全考虑\n\n数据来源：\n- 联合国地理信息系统\n- 美国地质调查局\n- 俄罗斯联邦统计局\n\n这个全面的分析提供了准确、权威的地理政治信息。",
            "根据您的详细问题，我将全面地回答您关于陆地面积最大的主权国家和其首都的研究性查询：\n\n1. 陆地面积最大的国家：\n俄罗斯联邦（Russian Federation）\n\n- 总陆地面积：17,098,242平方公里\n- 数据来源：联合国统计司和国际地理组织\n- 确认方法：排除内陆水域、领海和专属经济区\n\n2. 首都：\n莫斯科（Moscow）\n\n- 官方全称：莫斯科市（Город Москва）\n- 地理坐标：55.7558° N, 37.6173° E\n- 人口：约1,250万（2021年数据）\n\n3. 测量方法论的主要挑战：\n- 不同大地测量参考系统（如WGS84、ETRS89）\n- 地形复杂性和地貌变化\n- 边界测量技术的精确度\n- 卫星测绘和地理信息系统（GIS）技术差异\n\n4. 地理政治和经济影响：\n- 资源分布：能源、矿产、森林、水资源丰富\n- 基础设施开发成本高\n- 边境管理复杂\n- 生态系统多样性显著\n- 跨洲际地缘战略地位\n\n5. 首都选择的历史因素：\n- 地缘战略位置\n- 历史文化传统\n- 经济发展潜力\n- 政治稳定性考虑\n- 基础设施条件\n\n6. 数据权威来源：\n- 联合国统计司\n- 美国中央情报局世界概况\n- 国际地理学会\n- 各国官方统计部门\n\n7. 跨学科研究意义：\n- 提供地缘政治研究基础\n- 支持人口地理学分析\n- 辅助资源管理研究\n- 促进国际关系理解\n\n这个全面分析为研究人员、政策制定者和教育工作者提供了深入、准确的地理政治信息参考。",
            "根据您的详细询问，我将全面回答关于陆地面积最大的主权国家及其首都的问题：\n\n1. 陆地面积最大的国家：俄罗斯联邦\n\n面积数据：\n- 总陆地面积：约17,098,242平方公里\n- 陆地面积测量方法：采用标准WGS84大地坐标系统\n- 不包含内陆水域、海洋领域\n\n2. 首都：莫斯科（Moscow）\n- 官方全称：莫斯科市（City of Moscow）\n- 地理坐标：55.7558° N, 37.6173° E\n\n3. 方法论挑战：\n- 测量误差可能在0.1-0.5%范围内\n- 不同大地测量系统可能导致微小差异\n- 地形复杂性增加精确测量难度\n\n4. 地理政治影响：\n- 跨越欧亚大陆\n- 横跨11个时区\n- 丰富的自然资源分布\n- 基础设施建设成本高\n- 边境管理复杂\n\n5. 首都选择因素：\n- 历史文化传统\n- 地理战略位置\n- 政治和经济中心\n- 文化象征意义\n\n6. 数据来源：\n- 联合国地理空间信息系统\n- 美国地质调查局\n- 俄罗斯联邦国家统计局",
            "根据您详细的问题，我将全面地回答您的查询：\n\n1. 陆地面积最大的主权国家：\n俄罗斯联邦（Russian Federation）拥有全球最大的陆地面积，总面积约为17,098,242平方公里。\n\n2. 首都：\n莫斯科（Moscow），俄语为Москва（Moskva）\n\n3. 测量方法论挑战：\n- 地图投影差异（如墨卡托投影vs等面积投影）\n- 卫星测量技术精度\n- 陆地边界定义的微小变化\n- 地形复杂性（山脉、冰川）\n- 不同大地测量参考系统的细微差异\n\n4. 地理政治和经济影响：\n- 跨越欧亚大陆，拥有丰富自然资源\n- 基础设施建设成本高\n- 边境管理复杂\n- 气候多样性极大\n- 生态系统和生物多样性丰富\n\n5. 首都选择的历史因素：\n- 地缘战略位置\n- 历史文化传统\n- 政治稳定性考量\n- 经济发展潜力\n- 文化象征意义\n\n6. 数据权威来源：\n- 联合国地理信息系统\n- 美国地质调查局\n- 国际制图协会\n- 各国官方统计机构\n\n这个全面的分析提供了对俄罗斯作为世界最大陆地国家的多维度理解。",
            "基于您详细的询问，我将全面系统地回答:\n\n1. 陆地面积最大的国家:\n- 国家: 俄罗斯联邦\n- 陆地面积: 约17,098,242平方公里\n- 首都: 莫斯科(Moscow)\n\n2. 测量方法论挑战:\n- 不同大地测量系统(WGS84/ETRS89)\n- 地形和地貌复杂性\n- 卫星测量精度差异\n- 边界定义的政治敏感性\n\n3. 地理政治影响:\n- 横跨两大洲(欧洲和亚洲)\n- 资源丰富(石油、天然气、矿产)\n- 基础设施建设成本高\n- 边境管理复杂\n- 生态系统多样性\n\n4. 首都选择因素:\n- 历史传统\n- 地理战略位置\n- 文化象征意义\n- 经济发展潜力\n- 政治稳定性考量\n\n5. 数据权威来源:\n- 联合国地理空间信息科\n- 美国地质调查局\n- 国际制图协会\n\n这个全面分析提供了多维度、跨学科的深入理解。"
          ]
        },
        {
          "level": 6,
          "question_text": "对于全面的地理分析、国际关系研究、人口统计学研究以及跨学科的教育目的而言，准确识别和理解以下问题至关重要：哪个特定的主权国家在全球范围内拥有无可争议的陆地面积最大国的称号，这一测量严格指其陆地总面积，...",
          "num_responses": 5,
          "similarity_analysis": {
            "mean_similarity": 0.870291531085968,
            "std_similarity": 0.04325569421052933,
            "max_similarity": 0.9406116008758545,
            "min_similarity": 0.7861055731773376
          },
          "pairwise_similarities": [
            [
              1.0,
              0.8584434986114502,
              0.7861055731773376,
              0.9406116008758545,
              0.8303416967391968
            ],
            [
              0.8584434986114502,
              0.9999998807907104,
              0.8966907858848572,
              0.8994935750961304,
              0.9222396016120911
            ],
            [
              0.7861055731773376,
              0.8966907858848572,
              1.000000238418579,
              0.8626755475997925,
              0.8482321500778198
            ],
            [
              0.9406116008758545,
              0.8994935750961304,
              0.8626755475997925,
              1.0000001192092896,
              0.8580809831619263
            ],
            [
              0.8303416967391968,
              0.9222396016120911,
              0.8482321500778198,
              0.8580809831619263,
              1.0000001192092896
            ]
          ],
          "responses": [
            "根据您的详细询问，我可以提供以下全面分析：\n\n最大陆地面积国家：俄罗斯联邦\n\n首都：莫斯科（Москва / Moscow）\n\n关键地理政治特征分析：\n\n1. 陆地面积数据\n- 总陆地面积：17,098,242平方公里\n- 占全球陆地面积约11.5%\n- 跨越欧亚大陆\n\n2. 地理测量方法论挑战\n- 投影系统差异\n- 大地测量基准（WGS84）\n- 边界测量精确度\n\n3. 地缘政治影响\n- 自然资源丰富\n- 基础设施建设复杂\n- 生态系统多样性\n- 边境管理挑战\n\n4. 首都选择历史因素\n- 地缘战略位置\n- 历史文化传统\n- 政治集中性\n- 经济发展中心\n\n5. 数据来源验证\n- 联合国统计司\n- 美国中央情报局世界概况\n- 俄罗斯联邦统计局\n\n这个分析提供了全面、客观和多维度的地理政治视角。",
            "根据您的详细询问，我将提供一个全面的回答：\n\n世界上陆地面积最大的主权国家是俄罗斯联邦，其首都是莫斯科（Москва / Moscow）。\n\n陆地面积细节：\n1. 总陆地面积：约17,098,242平方公里\n2. 排除内水和海洋区域的纯陆地面积\n\n方法论挑战：\n1. 测量方法差异\n- 不同大地测量基准（WGS84、NAD83）\n- 投影方法误差（墨卡托、阿尔伯斯投影）\n- 卫星测量精度\n\n地理政治影响：\n1. 资源多样性\n- 丰富矿产资源\n- 广阔农业和森林区域\n- 多样生态系统\n\n2. 基础设施挑战\n- 跨境交通网络复杂\n- 能源输送成本高\n- 边境管理困难\n\n3. 环境责任\n- 北极生态系统保护\n- 气候变化缓解\n- 生物多样性维护\n\n首都莫斯科特征：\n1. 历史演变\n- 政治中心\n- 文化枢纽\n- 经济核心\n\n2. 战略选择因素\n- 地理防御位置\n- 人口分布\n- 象征国家统一\n\n数据来源权威性：\n- 联合国统计司\n- 美国中情局世界概况\n- 俄罗斯联邦统计局\n\n这个全面分析提供了对俄罗斯地理、政治和战略特征的深入理解。",
            "根据您的详细查询，我将提供一个全面且精确的分析：\n\n关于陆地面积最大的主权国家：\n\n1. 国家：俄罗斯联邦\n\n2. 官方首都：莫斯科（Москва / Moscow）\n\n3. 陆地面积细节：\n- 总陆地面积：约17,098,242平方公里\n- 不包括内陆水域和海洋主张\n- 占全球陆地面积约11%\n\n地理测量方法论挑战：\n\n1. 测量复杂性\n- 使用WGS84大地测量基准\n- 不同投影系统（如等面积投影）会导致轻微误差\n- 需要标准化测量方法\n\n主要地缘政治和环境影响：\n\n1. 自然资源\n- 丰富的矿产资源\n- 广阔的森林和农业用地\n- 重要的淡水资源\n\n2. 基础设施挑战\n- 跨越多个气候带\n- 复杂的交通和能源网络建设\n- 边境管理困难\n\n3. 生态多样性\n- 包含北极、森林、草原和山区生态系统\n- 生物多样性保护的关键角色\n- 气候变化缓解的重要性\n\n首都莫斯科的历史和战略意义：\n\n1. 历史演变\n- 自15世纪以来的权力中心\n- 苏联时期的政治和文化焦点\n- 后苏联时期的现代转型\n\n2. 战略功能\n- 政治行政中心\n- 经济和文化枢纽\n- 国际外交的重要平台\n\n数据来源验证：\n\n- 联合国统计司\n- 美国中央情报局世界概况\n- 俄罗斯联邦国家统计局\n- 国际地理组织\n\n关键注意事项：\n\n1. 数据持续更新\n2. 跨学科综合分析\n3. 多角度解读地理信息\n\n这个分析提供了对俄罗斯作为世界上陆地面积最大国家的全面理解，涵盖了地理、政治、经济和文化等多个维度。",
            "根据您详细的学术和跨学科研究问题，我可以全面回答：\n\n陆地面积最大的国家：俄罗斯联邦\n\n首都城市：莫斯科（Москва / Moscow）\n\n具体分析如下：\n\n1. 陆地面积测量细节\n- 总陆地面积：17,098,246平方公里\n- 排除内水、海域等，严格测量陆地块面积\n- 主要测量标准：WGS84大地测量基准\n- 误差范围：±0.1-0.5%\n\n2. 地理政治影响\n关键维度：\n- 跨越欧亚大陆\n- 11个时区\n- 丰富自然资源分布\n- 多样生态系统\n- 战略地缘政治位置\n\n3. 首都选择历史因素\n- 历史权力中心\n- 地理战略位置\n- 文化象征意义\n- 政治集中管理需求\n\n4. 测量方法论挑战\n- 投影失真\n- 大地测量基准差异\n- 边界解释复杂性\n- 技术限制\n\n5. 权威数据来源\n- 联合国统计司\n- 美国中情局世界概况\n- 俄罗斯联邦统计局\n- 国际地理信息系统\n\n这个全面分析为跨学科研究提供了深入、严谨的地理政治视角。",
            "根据您详细的问题，我可以明确回答：\n\n最大陆地面积国家：俄罗斯联邦\n\n首都：莫斯科（Москва / Moscow）\n\n陆地面积详细信息：\n1. 总陆地面积：约17,098,242平方公里\n2. 净陆地面积（排除内陆水域）：约16,376,870平方公里\n\n地理政治和方法论关键维度：\n\n方法论挑战：\n- 测绘投影差异（墨卡托vs阿尔伯斯）\n- 大地测量基准选择（WGS84）\n- 边界和面积测量精确性\n\n地理政治影响：\n1. 资源多样性\n- 广泛矿产资源\n- 丰富石油和天然气储备\n- 大面积农业和林业用地\n\n2. 基础设施挑战\n- 跨区域交通网络复杂\n- 极端气候条件\n- 高昂维护成本\n\n3. 生态系统复杂性\n- 多样生态区\n- 气候变化关键缓解区\n- 生物多样性保护责任\n\n首都莫斯科的历史演变：\n- 战略地理位置\n- 历史政治中心\n- 文化和经济核心\n- 国家认同象征\n\n数据来源可靠性：\n- 联合国统计司\n- 美国中情局世界概况\n- 俄罗斯联邦统计局\n\n这种全面分析提供了多维度、系统性的地理政治理解。"
          ]
        },
        {
          "level": 7,
          "question_text": "为了进行全面的地理分析、国际关系研究、人口学研究以及跨学科教育目的，准确识别和理解以下问题至关重要：哪个特定的主权国家在全球陆地面积上拥有无可争议的最大地位，这里的测量严格指其陆地总面积，明确排除所有...",
          "num_responses": 5,
          "similarity_analysis": {
            "mean_similarity": 0.8828050494194031,
            "std_similarity": 0.031614311039447784,
            "max_similarity": 0.9244602918624878,
            "min_similarity": 0.8172793388366699
          },
          "pairwise_similarities": [
            [
              1.0,
              0.8624789118766785,
              0.8172793388366699,
              0.8972225189208984,
              0.8573603630065918
            ],
            [
              0.8624789118766785,
              1.0,
              0.8919429183006287,
              0.9161120653152466,
              0.9244602918624878
            ],
            [
              0.8172793388366699,
              0.8919429183006287,
              1.0,
              0.9051720499992371,
              0.8561213612556458
            ],
            [
              0.8972225189208984,
              0.9161120653152466,
              0.9051720499992371,
              1.0000001192092896,
              0.8999007344245911
            ],
            [
              0.8573603630065918,
              0.9244602918624878,
              0.8561213612556458,
              0.8999007344245911,
              0.9999999403953552
            ]
          ],
          "responses": [
            "根据您提出的详细和深入的问题，我将对主要内容进行全面回答：\n\n世界上陆地面积最大的主权国家是俄罗斯联邦。\n\n1. 陆地面积详细信息：\n- 总陆地面积：17,098,242平方公里\n- 不包括内水和海洋区域的纯陆地面积\n\n2. 首都：莫斯科(Moscow)\n- 官方名称：莫斯科市(Город Москва)\n- 地理坐标：55.7558° N, 37.6173° E\n\n3. 地理测量方法论挑战：\n- 使用WGS84椭球体坐标系统\n- 考虑海岸线和地形变化\n- 需要高精度卫星遥感和地理信息系统(GIS)技术\n\n4. 地缘政治和环境影响：\n- 横跨欧亚大陆\n- 覆盖多个气候带和生态系统\n- 拥有丰富的自然资源\n- 复杂的基础设施建设挑战\n- 边境管理的独特复杂性\n\n5. 首都选择的历史因素：\n- 历史文化中心\n- 战略地理位置\n- 政治和行政考量\n\n6. 未来挑战：\n- 气候变化影响\n- 资源管理伦理\n- 原住民权利\n- 人口和经济发展\n\n7. 数据来源：\n- 联合国统计司\n- 美国中央情报局世界概况\n- 国家地理信息机构\n\n这个全面分析提供了对俄罗斯作为世界最大陆地面积国家的深入理解。",
            "基于您提出的详细和深入的地理、政治和空间分析问题，我将全面回答：\n\n最大陆地面积的主权国家：俄罗斯联邦\n\n首都：莫斯科（Москва，英文：Moscow）\n\n陆地面积精确数据：17,098,242平方公里（不包括内陆水域、海洋区域）\n\n方法论分析：\n\n1. 测量挑战\n- 使用WGS84椭球体坐标系统\n- 卫星遥感技术提供精确测量\n- 考虑海岸线动态变化\n- 采用高精度地理信息系统(GIS)技术\n\n2. 地缘政治影响\n- 跨越欧亚大陆\n- 横跨多个气候带\n- 拥有丰富自然资源\n- 复杂的基础设施建设挑战\n\n3. 首都选择历史因素\n- 历史政治中心\n- 战略地理位置\n- 文化和经济枢纽\n- 国家统一象征\n\n4. 未来挑战\n- 气候变化影响\n- 原住民土地权利\n- 资源管理伦理\n- 人口分布调整\n\n5. 数据来源可靠性\n- 联合国统计司\n- 美国中央情报局世界概况\n- 国家地理信息机构\n\n这个全面分析提供了对俄罗斯作为世界最大陆地面积国家的多维度理解。",
            "根据您详细而深入的问题，我可以提供以下全面分析：\n\n1. 陆地面积最大的国家：俄罗斯联邦\n\n陆地总面积：17,098,242平方公里（不包括内水、领海等）\n\n2. 首都：莫斯科（Москва, Moscow）\n\n3. 地理测量方法论挑战：\n\n- 投影变形：墨卡托、阿尔伯斯等投影导致面积失真\n- 大地基准选择：WGS84、NAD83等差异\n- 海岸线测量精确性\n- 地形动态性\n\n4. 地缘政治影响：\n\n- 资源丰富（矿产、能源、森林）\n- 跨越多个气候带\n- 基础设施建设复杂\n- 边境管理挑战\n- 生态系统多样性\n\n5. 首都选择历史因素：\n\n- 历史权力中心\n- 战略位置\n- 展现国家统一\n- 文化象征意义\n\n6. 未来挑战：\n\n- 气候变化影响\n- 人口分布调整\n- 资源管理伦理\n- 原住民权利保护\n- 国际合作\n\n7. 数据来源权威性：\n\n- 联合国统计司\n- 美国中央情报局世界概况\n- 世界银行\n- 国家地理学会\n\n这个分析综合考虑了地理、政治、经济、生态等多个维度，体现了跨学科研究的复杂性。",
            "根据您详细的询问，我可以为您提供全面的分析：\n\n1. 陆地面积最大的国家：俄罗斯联邦\n\n2. 首都：莫斯科（Москва, Moscow）\n\n3. 陆地面积详细信息：\n- 总陆地面积：约17,098,242平方公里\n- 不包括内水和海洋区域的严格陆地面积\n\n4. 地理测量方法论挑战：\n- 使用WGS84椭球体模型\n- 考虑墨卡托投影失真\n- 海岸线精确度变化\n- 遥感技术（卫星图像、激光雷达）提高测量精确性\n\n5. 地缘政治和环境影响：\n- 跨越多个气候带\n- 丰富自然资源\n- 复杂的基础设施建设\n- 生态系统多样性\n- 边境管理挑战\n\n6. 首都选择历史因素：\n- 历史政治中心\n- 战略位置\n- 国家统一象征\n\n7. 未来挑战：\n- 气候变化影响\n- 资源管理伦理\n- 人口分布调整\n- 国际合作需求\n\n这个分析综合考虑了地理、政治、环境和社会multiple维度。",
            "根据您详细的问题，我将提供全面的分析：\n\n最大陆地面积主权国家：俄罗斯联邦\n\n首都：莫斯科（Москва / Moscow）\n\n陆地面积详细信息：\n1. 总陆地面积：17,098,242平方公里\n2. 占全球陆地面积约11.5%\n\n地理测量方法论挑战：\n- 使用WGS84坐标系统\n- 卫星遥感技术提高测量精度\n- 海岸线和边界动态变化\n- 不同大地测量投影方法的误差\n\n地缘政治影响：\n- 跨越欧亚大陆\n- 多样地形和气候带\n- 丰富自然资源\n- 复杂边境管理\n\n首都选择历史因素：\n- 历史文化中心\n- 战略地理位置\n- 政治统一象征\n\n资源管理伦理考量：\n- 原住民土地权利\n- 环境正义\n- 可持续发展\n\n气候变化挑战：\n- 永久冻土融化\n- 北极地区生态系统变化\n- 资源可获得性转型\n\n未来发展预测：\n- 人口结构变化\n- 经济转型\n- 国际地缘政治角色调整"
          ]
        }
      ]
    },
    {
      "question_id": 2,
      "domain": "FACTUAL",
      "level_analyses": [
        {
          "level": 1,
          "question_text": "植物将阳光转化为能量以供生长的科学过程叫什么？...",
          "num_responses": 5,
          "similarity_analysis": {
            "mean_similarity": 0.9526039958000183,
            "std_similarity": 0.01600831188261509,
            "max_similarity": 0.974446713924408,
            "min_similarity": 0.9264549016952515
          },
          "pairwise_similarities": [
            [
              0.9999999403953552,
              0.965589702129364,
              0.974446713924408,
              0.9330396056175232,
              0.9643892049789429
            ],
            [
              0.965589702129364,
              1.0,
              0.951763391494751,
              0.9434468150138855,
              0.9702751040458679
            ],
            [
              0.974446713924408,
              0.951763391494751,
              1.0000001192092896,
              0.9365294575691223,
              0.9601057767868042
            ],
            [
              0.9330396056175232,
              0.9434468150138855,
              0.9365294575691223,
              1.0,
              0.9264549016952515
            ],
            [
              0.9643892049789429,
              0.9702751040458679,
              0.9601057767868042,
              0.9264549016952515,
              1.0000001192092896
            ]
          ],
          "responses": [
            "这个过程被称为光合作用（Photosynthesis）。\n\n光合作用是植物、藻类和一些细菌用来将太阳能转化为化学能的重要生物学过程。以下是光合作用的基本步骤：\n\n1. 吸收阳光\n- 叶子中的叶绿体捕捉太阳光\n- 主要由叶绿素（绿色色素）完成\n\n2. 转化过程\n- 将太阳能转换为化学能\n- 利用水和二氧化碳\n- 产生葡萄糖和氧气\n\n3. 化学方程式\n6CO2 + 6H2O + 光能 → C6H12O6 + 6O2\n\n4. 重要意义\n- 为植物提供生长能量\n- 为地球生态系统提供氧气\n- 是地球碳循环的关键环节\n\n光合作用是生命活动的基础过程,对地球上的生态系统至关重要。",
            "植物将阳光转化为能量的科学过程被称为\"光合作用\"（Photosynthesis）。这是一个非常重要的生物学过程，通过这个过程，植物能够利用阳光、水和二氧化碳制造自身所需的养分和能量。以下是光合作用的一些关键点：\n\n1. 基本原理：\n- 植物通过叶子中的叶绿体进行光合作用\n- 叶绿素吸收阳光能量\n- 将光能转化为化学能\n\n2. 基本反应方程式：\n6CO2 + 6H2O + 光能 → C6H12O6 + 6O2\n（二氧化碳 + 水 + 光能 → 葡萄糖 + 氧气）\n\n3. 光合作用的重要意义：\n- 为植物提供生长所需能量\n- 产生氧气，维持地球生态平衡\n- 是地球生态系统的基础\n\n这个过程对于地球上的生命至关重要。",
            "这个科学过程被称为\"光合作用\"（Photosynthesis）。\n\n光合作用是植物、藻类和一些细菌将太阳能转化为化学能的重要生命过程。具体来说：\n\n1. 基本过程\n- 植物通过叶子中的叶绿体吸收阳光\n- 将太阳能转换为化学能\n- 利用水和二氧化碳制造葡萄糖\n\n2. 化学方程式\n6CO2 + 6H2O + 光能 → C6H12O6 + 6O2\n\n3. 主要意义\n- 为植物提供生长所需能量\n- 释放氧气到大气中\n- 是地球生态系统的基础\n\n4. 关键组成部分\n- 叶绿素\n- 叶绿体\n- 水\n- 二氧化碳\n- 阳光\n\n光合作用是自然界最重要的化学过程之一,对生命和地球生态系统至关重要。",
            "植物将阳光转化为能量以供生长的科学过程叫做光合作用（Photosynthesis）。这是一个非常重要的生物学过程，对于地球上的生命至关重要。以下是光合作用的一些关键点：\n\n1. 基本定义：\n光合作用是绿色植物、藻类和一些细菌通过吸收阳光能量，将二氧化碳和水转化为葡萄糖（碳水化合物）和氧气的过程。\n\n2. 基本方程式：\n6CO₂ + 6H₂O + 光能 → C₆H₁₂O₆ + 6O₂\n\n3. 发生地点：\n主要在植物叶子的叶绿体中进行，具体在叶绿体的类囊体膜上。\n\n4. 主要作用：\n- 为植物提供生长所需的能量\n- 产生氧气，为地球上的生命提供氧气\n- 减少大气中的二氧化碳\n\n5. 关键组成部分：\n- 叶绿素：吸收阳光的绿色色素\n- 二氧化碳\n- 水\n- 阳光能量\n\n光合作用是地球生态系统中最重要的生物化学过程之一。",
            "植物将阳光转化为能量的科学过程叫做\"光合作用\"（Photosynthesis）。这是一个非常重要的生物学过程，让植物能够自己制造食物并释放氧气。以下是光合作用的详细解释：\n\n1. 基本定义\n- 光合作用是植物、藻类和一些细菌将太阳能转换为化学能的过程\n- 通过这一过程，植物可以将二氧化碳和水转化为葡萄糖和氧气\n\n2. 基本反应方程式\n6CO2 + 6H2O + 光能 → C6H12O6 + 6O2\n\n3. 光合作用的主要步骤\n- 光反应：捕获太阳能\n- 暗反应：利用光反应产生的能量合成糖分\n\n4. 发生地点\n- 叶绿体内的叶绿素中\n\n5. 重要意义\n- 为植物提供能量\n- 为地球生态系统产生氧气\n- 是碳循环的重要环节"
          ]
        },
        {
          "level": 2,
          "question_text": "植物将阳光转化为生长所需能量的科学过程称为什么？这是一个发生在特化细胞器内的关键生化途径，对它们的生存以及更广阔的全球生态系统都绝对至关重要。...",
          "num_responses": 5,
          "similarity_analysis": {
            "mean_similarity": 0.9391306638717651,
            "std_similarity": 0.023208972066640854,
            "max_similarity": 0.9660637974739075,
            "min_similarity": 0.8955982327461243
          },
          "pairwise_similarities": [
            [
              1.0000001192092896,
              0.9643144607543945,
              0.936127781867981,
              0.9277420043945312,
              0.9451157450675964
            ],
            [
              0.9643144607543945,
              1.0,
              0.9576483368873596,
              0.939532995223999,
              0.9563387632369995
            ],
            [
              0.936127781867981,
              0.9576483368873596,
              1.0,
              0.8955982327461243,
              0.9660637974739075
            ],
            [
              0.9277420043945312,
              0.939532995223999,
              0.8955982327461243,
              1.0000001192092896,
              0.902824342250824
            ],
            [
              0.9451157450675964,
              0.9563387632369995,
              0.9660637974739075,
              0.902824342250824,
              1.0000001192092896
            ]
          ],
          "responses": [
            "这个科学过程被称为\"光合作用\"（Photosynthesis）。\n\n光合作用是植物、藻类和一些细菌用来将太阳能转化为化学能的基本生命过程。具体来说：\n\n1. 发生位置\n- 在叶绿体（chloroplasts）内进行\n- 主要在植物叶片的绿色细胞中\n\n2. 基本反应过程\n- 吸收太阳光\n- 利用光能将水和二氧化碳转化为葡萄糖\n- 同时释放氧气作为副产物\n\n3. 化学方程式\n6CO2 + 6H2O + 光能 → C6H12O6 (葡萄糖) + 6O2\n\n4. 生态意义\n- 为植物提供生长能量\n- 是地球上大多数生命的能量来源\n- 对调节大气氧气和碳循环至关重要\n\n光合作用是生命系统中最重要的生化过程之一，对维持地球生态平衡具有根本性意义。",
            "您描述的是光合作用（Photosynthesis）。\n\n光合作用是植物、藻类和某些细菌用来将太阳能转换为化学能的基本生命过程。具体特点如下：\n\n1. 发生位置\n- 叶绿体内\n- 主要在叶片的叶绿体中进行\n\n2. 基本原理\n- 吸收太阳光能\n- 将光能转化为化学能\n- 将无机物（二氧化碳和水）转变为有机物（葡萄糖）\n- 同时释放氧气作为副产物\n\n3. 化学方程式\n6CO2 + 6H2O + 光能 → C6H12O6 + 6O2\n\n4. 生态意义\n- 为植物提供生长能量\n- 为地球生态系统提供氧气\n- 是地球上最重要的生物化学过程之一\n\n光合作用对于维持生命和生态平衡具有极其重要的意义。",
            "您描述的是光合作用（Photosynthesis）。这是一个极其重要的生物学过程，主要发生在植物、藻类和某些细菌的叶绿体中。让我为您详细解释：\n\n光合作用的基本定义：\n1. 植物通过叶子中的叶绿体将太阳能转换为化学能的过程\n2. 将二氧化碳和水转化为葡萄糖和氧气\n\n光合作用的基本化学方程式：\n6CO2 + 6H2O + 光能 → C6H12O6 + 6O2\n\n光合作用的重要意义：\n1. 为植物提供生长所需的能量\n2. 产生大气中的氧气\n3. 是地球生态系统的基础能量来源\n4. 减少大气中的二氧化碳\n\n这一过程不仅对植物自身生存至关重要，对整个地球生态系统也具有决定性意义。",
            "这个科学过程被称为\"光合作用\"（Photosynthesis）。\n\n光合作用是植物、藻类和一些细菌用来将太阳能转化为化学能的重要生化过程。具体过程是在叶绿体内的叶绿素中进行的，主要步骤包括:\n\n1. 吸收阳光能量\n2. 利用水和二氧化碳\n3. 产生葡萄糖（碳水化合物）\n4. 释放氧气作为副产物\n\n这个过程对生命系统具有极其重要的意义:\n- 为植物提供生长和代谢所需能量\n- 为地球上大多数生物提供氧气\n- 是碳元素循环的关键环节\n- 是食物链和生态系统的基础\n\n光合作用可以简单地用以下化学方程式表示:\n6CO2 + 6H2O + 光能 → C6H12O6 + 6O2\n\n这是地球上最重要的生化过程之一,维持着整个生态系统的平衡。",
            "这个过程被称为\"光合作用\"(Photosynthesis)。\n\n光合作用是植物、藻类和一些细菌用来将太阳能转化为化学能的基本生命过程。具体来说:\n\n1. 主要特点：\n- 在叶绿体内进行\n- 利用阳光、水和二氧化碳\n- 产生葡萄糖和氧气\n\n2. 基本化学方程式：\n6CO2 + 6H2O + 光能 → C6H12O6 + 6O2\n\n3. 重要意义：\n- 为植物提供生长能量\n- 为地球生态系统提供氧气\n- 是碳循环的关键环节\n- 是大多数生命的能量来源\n\n4. 发生位置：\n主要在叶子的叶绿体内，特别是叶绿素颗粒中\n\n光合作用不仅对植物自身生存至关重要,也是维持地球生态平衡的根本过程。"
          ]
        },
        {
          "level": 3,
          "question_text": "植物将阳光转化为生长所需能量的这种科学过程叫做什么？这是一种关键的生化途径，发生在其叶子和其他绿色部分的特化细胞器（如叶绿体）中，对其生存和更广泛的全球生态系统绝对至关重要，因为它涉及从大气中吸收二氧...",
          "num_responses": 5,
          "similarity_analysis": {
            "mean_similarity": 0.9414495229721069,
            "std_similarity": 0.02005081996321678,
            "max_similarity": 0.9648441076278687,
            "min_similarity": 0.9012295603752136
          },
          "pairwise_similarities": [
            [
              1.0000001192092896,
              0.9489356279373169,
              0.9382363557815552,
              0.9648441076278687,
              0.9602686166763306
            ],
            [
              0.9489356279373169,
              1.0000001192092896,
              0.9012295603752136,
              0.9502573013305664,
              0.9140580296516418
            ],
            [
              0.9382363557815552,
              0.9012295603752136,
              1.0,
              0.927003800868988,
              0.9593135714530945
            ],
            [
              0.9648441076278687,
              0.9502573013305664,
              0.927003800868988,
              1.0000001192092896,
              0.9503491520881653
            ],
            [
              0.9602686166763306,
              0.9140580296516418,
              0.9593135714530945,
              0.9503491520881653,
              1.0
            ]
          ],
          "responses": [
            "这个科学过程叫做光合作用（Photosynthesis）。\n\n光合作用是绿色植物、藻类和一些细菌用来将太阳能转化为化学能的基本生化过程。具体过程可以简单概括为：\n\n1. 基本反应方程式\n6CO2 + 6H2O + 光能 → C6H12O6 (葡萄糖) + 6O2\n\n2. 主要特点：\n- 发生在叶绿体中\n- 吸收二氧化碳\n- 吸收水分\n- 利用太阳光能\n- 产生葡萄糖\n- 释放氧气\n\n3. 生态意义：\n- 为植物提供生长能量\n- 是地球生态系统的基础\n- 是碳循环的关键环节\n- 为大气中的氧气供应做出重要贡献\n\n光合作用是维持地球生命系统的核心过程，对全球生态平衡具有决定性作用。",
            "您描述的这个科学过程是光合作用（Photosynthesis）。\n\n光合作用是植物、藻类和某些细菌用于将太阳能转化为化学能的关键生命过程。这个复杂的生化反应具有以下主要特征：\n\n1. 基本反应方程式：\n6CO2 + 6H2O + 光能 → C6H12O6 (葡萄糖) + 6O2\n\n2. 主要发生位置：\n- 叶绿体\n- 植物的绿色部分，尤其是叶子\n\n3. 关键意义：\n- 将太阳能转化为可利用的化学能\n- 产生植物生长所需的有机物\n- 释放氧气作为重要的副产品\n- 是地球生态系统碳循环的基础\n\n4. 对生态系统的重要性：\n- 为大多数生命形式提供能量基础\n- 调节大气中的二氧化碳和氧气浓度\n- 支持全球生态平衡\n\n光合作用是地球上最重要的生化过程之一。",
            "这个科学过程被称为\"光合作用\"（Photosynthesis）。\n\n光合作用是植物、藻类和某些细菌将太阳能转化为化学能的基本生命过程。具体来说：\n\n1. 定义：\n- 植物通过叶绿体将太阳光、水和二氧化碳转化为葡萄糖和氧气的复杂生化反应\n\n2. 基本反应方程式：\n6CO2 + 6H2O + 光能 → C6H12O6（葡萄糖）+ 6O2\n\n3. 主要特点：\n- 发生在叶子的叶绿体中\n- 利用叶绿素吸收太阳能\n- 将无机物（CO2和H2O）转化为有机物（葡萄糖）\n- 释放氧气作为副产品\n\n4. 生态意义：\n- 为植物提供生长能量\n- 为地球生态系统提供氧气\n- 是碳循环的关键过程\n\n这是生命系统中最重要的生化过程之一。",
            "这个过程就是光合作用（Photosynthesis）。\n\n光合作用是植物、藻类和一些细菌用来将太阳能转化为化学能的基本生化过程。其主要特点包括：\n\n1. 基本反应方程式：\n6CO2 + 6H2O + 光能 → C6H12O6 (葡萄糖) + 6O2\n\n2. 发生位置：\n- 植物叶子中的叶绿体\n- 绿色植物组织中的特化细胞器\n\n3. 关键意义：\n- 为植物提供生长所需的能量\n- 将无机物（二氧化碳、水）转化为有机物（葡萄糖）\n- 释放氧气作为重要的副产品\n- 是地球生态系统的基础能量转换过程\n\n4. 对全球生态系统的重要性：\n- 维持大气中氧气平衡\n- 固定大气中的二氧化碳\n- 支持食物链和生态系统\n\n光合作用是地球生命系统最关键的生化过程之一。",
            "这个科学过程被称为光合作用（Photosynthesis）。\n\n光合作用是植物、藻类和某些细菌用来将太阳能转化为化学能的重要生命过程。这个过程可以简单地用以下化学方程式概括：\n\n6CO2 + 6H2O + 光能 → C6H12O6（葡萄糖）+ 6O2\n\n光合作用的主要特点包括：\n\n1. 发生地点：主要在植物叶子的叶绿体中\n\n2. 基本步骤：\n- 捕获太阳光能\n- 将光能转化为化学能\n- 利用光能将二氧化碳和水转化为葡萄糖\n- 释放氧气作为副产品\n\n3. 重要意义：\n- 为植物提供能量和生长所需养分\n- 为地球生态系统提供氧气\n- 是碳循环的关键环节\n- 是大多数生命形式的能量来源\n\n这是地球上最重要的生化过程之一。"
          ]
        },
        {
          "level": 4,
          "question_text": "植物将阳光转化为生长所需能量的这种科学过程叫什么？它是一种关键的生化途径，发生在它们的叶片和其他绿色部分中特化的细胞器（如叶绿体）内，对其自身的生存以及更广泛的全球生态系统都至关重要，因为它涉及从大气...",
          "num_responses": 5,
          "similarity_analysis": {
            "mean_similarity": 0.9334005117416382,
            "std_similarity": 0.02585682086646557,
            "max_similarity": 0.9690036177635193,
            "min_similarity": 0.8888354301452637
          },
          "pairwise_similarities": [
            [
              1.0,
              0.9665408730506897,
              0.9180698990821838,
              0.917648434638977,
              0.9690036177635193
            ],
            [
              0.9665408730506897,
              1.0000001192092896,
              0.9452224373817444,
              0.9350197315216064,
              0.9642967581748962
            ],
            [
              0.9180698990821838,
              0.9452224373817444,
              1.0,
              0.8888354301452637,
              0.9198399782180786
            ],
            [
              0.917648434638977,
              0.9350197315216064,
              0.8888354301452637,
              1.0000001192092896,
              0.9095292091369629
            ],
            [
              0.9690036177635193,
              0.9642967581748962,
              0.9198399782180786,
              0.9095292091369629,
              1.000000238418579
            ]
          ],
          "responses": [
            "您所描述的这个科学过程是光合作用（Photosynthesis）。\n\n光合作用是植物、藻类和一些细菌用来将太阳能转化为化学能的基本生命过程。它具有以下关键特点：\n\n1. 基本反应方程式：\n6CO2 + 6H2O + 光能 → C6H12O6 (葡萄糖) + 6O2\n\n2. 主要场所：\n- 发生在植物叶片的叶绿体中\n- 主要参与细胞器是叶绿体\n\n3. 基本阶段：\n- 光反应：捕获太阳能，产生ATP和NADPH\n- 暗反应（卡尔文循环）：利用化学能固定二氧化碳，合成有机物\n\n4. 生态意义：\n- 为地球生态系统提供能量基础\n- 调节大气成分\n- 产生氧气\n- 构成食物链的基础\n\n这是一个极其重要的生化过程，对地球生命系统至关重要。",
            "您描述的这个科学过程是光合作用（Photosynthesis）。\n\n光合作用是绿色植物、藻类和一些细菌将太阳光能转化为化学能的关键生化过程。这个过程非常复杂且极其重要，主要可以概括为以下几个关键特点：\n\n1. 基本化学反应方程式：\n6CO2 + 6H2O + 光能 → C6H12O6(葡萄糖) + 6O2\n\n2. 主要发生位置：\n叶片中的叶绿体，特别是叶绿素所在的区域\n\n3. 过程主要包括两个阶段：\n- 光反应：捕获太阳能，产生ATP和NADPH\n- 暗反应（卡尔文循环）：利用光反应产生的化学能固定二氧化碳\n\n4. 生态意义：\n- 产生氧气\n- 合成有机物\n- 是地球生态系统的基础能量来源\n- 调节大气成分\n\n光合作用是生命系统中最重要的生化过程之一。",
            "您描述的这个科学过程是光合作用（Photosynthesis）。\n\n光合作用是植物、藻类和某些细菌用来将太阳能转化为化学能的基本生化过程。这个过程的基本化学方程式可以简单地表示为：\n\n6 CO2 + 6 H2O + 光能 → C6H12O6 (葡萄糖) + 6 O2\n\n光合作用主要包括两个阶段：\n\n1. 光反应（光依赖反应）\n- 发生在叶绿体的类囊体膜上\n- 利用光能将水分解，产生ATP和NADPH\n- 释放氧气作为副产品\n\n2. 暗反应（卡尔文循环）\n- 发生在叶绿体基质\n- 利用光反应产生的化学能将二氧化碳固定成葡萄糖\n- 不直接依赖光照，但依赖光反应产生的能量\n\n这一过程对地球生态系统极其重要，是生命的关键支持机制。",
            "您描述的这个科学过程是光合作用（Photosynthesis）。这是一个非常重要的生化过程，通过这个过程，绿色植物、藻类和一些细菌能够将太阳能转化为化学能，并合成有机物质。\n\n光合作用的主要特点和意义包括：\n\n1. 基本定义\n- 植物利用阳光、水和二氧化碳合成葡萄糖等有机物\n- 同时释放氧气作为副产品\n\n2. 发生位置\n- 主要在叶绿体内\n- 绿色植物的叶片和其他绿色部分\n\n3. 光合作用的两个关键阶段\n- 光反应：捕获太阳能，产生ATP和NADPH\n- 暗反应（卡尔文循环）：利用化学能固定二氧化碳，合成糖类\n\n4. 生态意义\n- 是地球上most食物链的基础\n- 调节大气成分\n- 对全球气候有重要影响\n\n光合作用是地球生态系统中最关键的生物化学过程之一。",
            "您描述的这个科学过程就是光合作用（Photosynthesis）。\n\n光合作用是植物、藻类和一些细菌用来将太阳能转换为化学能的关键生化过程。它是生命系统中最重要的生物化学反应之一，具有以下主要特征：\n\n1. 基本反应方程式：\n6CO2 + 6H2O + 光能 → C6H12O6 (葡萄糖) + 6O2\n\n2. 主要发生地点：\n- 叶片中的叶绿体\n- 绿色植物的其他绿色部分\n\n3. 关键过程：\n- 光反应：捕获太阳能，产生ATP和NADPH\n- 暗反应（卡尔文循环）：利用化学能将CO2固定成糖\n\n4. 重大生态意义：\n- 为生态系统提供能量基础\n- 调节大气成分\n- 产生氧气\n- 是食物链的基础\n\n光合作用是地球生命系统的核心过程，对全球生态平衡至关重要。"
          ]
        },
        {
          "level": 5,
          "question_text": "植物将阳光转化为生长所需能量的科学过程称为什么？这是一个关键的生化途径，发生在其叶片及其他绿色部分的叶绿体等特化细胞器中，对其自身的生存和更广泛的全球生态系统都至关重要，因为它涉及从大气中摄取二氧化碳...",
          "num_responses": 5,
          "similarity_analysis": {
            "mean_similarity": 0.9134848713874817,
            "std_similarity": 0.02843332476913929,
            "max_similarity": 0.9564062356948853,
            "min_similarity": 0.8702715039253235
          },
          "pairwise_similarities": [
            [
              1.0000001192092896,
              0.9317106604576111,
              0.9449893236160278,
              0.9289177060127258,
              0.880905032157898
            ],
            [
              0.9317106604576111,
              1.0,
              0.8986781239509583,
              0.8702715039253235,
              0.8848621249198914
            ],
            [
              0.9449893236160278,
              0.8986781239509583,
              1.0,
              0.9564062356948853,
              0.9370825886726379
            ],
            [
              0.9289177060127258,
              0.8702715039253235,
              0.9564062356948853,
              1.0000001192092896,
              0.9010261297225952
            ],
            [
              0.880905032157898,
              0.8848621249198914,
              0.9370825886726379,
              0.9010261297225952,
              1.0
            ]
          ],
          "responses": [
            "您描述的这个科学过程是光合作用（Photosynthesis）。这是一个极其复杂且关键的生化过程，对地球生态系统具有根本性意义。我将详细阐述光合作用的主要特征和机制：\n\n光合作用的基本定义和过程：\n\n1.基本化学方程式\n6CO2 + 6H2O + 光能 → C6H12O6 + 6O2\n\n2.主要发生位置\n- 绿色植物的叶片\n- 叶绿体内的类囊体膜\n\n3.光合作用的两个关键阶段\n\n光反应阶段：\n- 发生在类囊体膜\n- 捕获太阳能\n- 分解水分子\n- 产生ATP和NADPH\n- 释放氧气\n\n暗反应阶段（卡尔文循环）：\n- 发生在叶绿体基质\n- 固定二氧化碳\n- 合成葡萄糖\n- 不直接依赖光照\n\n影响光合作用的关键环境因素：\n\n1.光照强度\n2.二氧化碳浓度\n3.温度\n4.水分供应\n5.矿物质营养\n\n生态学意义：\n\n- 全球碳固定的基础\n- 大气氧气主要来源\n- 食物链的能量起点\n- 调节全球气候\n\n这个过程展现了生命系统将太阳能转化为化学能的惊人能力，是地球生态系统运转的核心机制。",
            "您描述的是光合作用（Photosynthesis），这是植物、藻类和某些细菌将太阳能转化为化学能的基本生命过程。以下是对这一复杂过程的详细解析：\n\n光合作用的基本定义与机制：\n\n1. 总体化学方程式\nCO2 + H2O + 光能 → 葡萄糖 + O2\n\n2. 主要阶段\n- 光反应（光依赖阶段）\n- 暗反应（卡尔文循环，光独立阶段）\n\n3. 关键细胞器：叶绿体\n\n光反应的详细过程：\n\n1. 光捕获\n- 叶绿素a、b和类胡萝卜素等色素\n- 吸收特定波长光谱\n- 通过光系统I和光系统II\n\n2. 能量转换\n- 光能转换为化学能（ATP）\n- 电子传递链\n- 产生NADPH\n- 光解水释放氧气\n\n暗反应（卡尔文循环）：\n\n1. 利用ATP和NADPH\n2. 固定二氧化碳\n3. 合成三碳糖\n4. 生成葡萄糖、蔗糖、淀粉\n\n影响光合作用的环境因素：\n\n1. 光照强度\n2. 二氧化碳浓度\n3. 温度\n4. 水分供应\n5. 矿物质营养\n\n生态和全球意义：\n\n1. 初级生产力基础\n2. 大气氧气供应\n3. 碳循环\n4. 食物链基础\n5. 生态系统稳定性\n\n光合作用不仅是植物生存的关键，也是地球生态系统和生命演化的基础机制。",
            "您描述的这个科学过程是光合作用（Photosynthesis）。以下是对这一复杂生化过程的详细解析：\n\n光合作用的基本定义和过程：\n\n1. 核心定义\n- 植物利用阳光能量将无机物转化为有机物的生化过程\n- 主要发生在叶绿体的类囊体膜中\n\n2. 基本化学反应方程式\n6CO2 + 6H2O + 光能 → C6H12O6 (葡萄糖) + 6O2\n\n3. 主要阶段\n\n光反应（光依赖阶段）：\n- 发生位置：类囊体膜\n- 主要过程：捕获光能\n- 关键色素：叶绿素a、叶绿素b\n- 产物：ATP、NADPH、氧气\n\n暗反应（卡尔文循环，光独立阶段）：\n- 发生位置：叶绿体基质\n- 主要过程：固定二氧化碳\n- 产物：三碳糖、葡萄糖\n\n4. 影响光合作用效率的关键环境因素\n- 光照强度\n- 二氧化碳浓度\n- 温度\n- 水分供应\n\n5. 生态学意义\n- 全球初级生产力基础\n- 调节大气氧气水平\n- 碳循环关键过程\n- 食物链根本\n\n这一过程不仅对植物自身至关重要，更是维持地球生态系统平衡的根本机制。",
            "您描述的是光合作用（Photosynthesis），这是植物、藻类和一些细菌将太阳能转化为化学能的基本生命过程。让我详细阐述这一复杂而关键的生化途径：\n\n光合作用的基本定义和总体反应方程：\n6CO2 + 6H2O + 光能 → C6H12O6 (葡萄糖) + 6O2\n\n关键特征和过程：\n\n1. 发生位置\n- 叶绿体类囊体膜\n- 主要在植物绿色部分，特别是叶片\n\n2. 主要阶段\n\nA. 光反应（光依赖阶段）\n- 发生在类囊体膜\n- 利用叶绿素等色素捕获太阳能\n- 光谱范围：主要在可见光区\n- 产生ATP和NADPH\n- 水分子光解，释放氧气\n\nB. 暗反应（卡尔文循环，光不依赖阶段）\n- 发生在叶绿体基质\n- 利用光反应产生的化学能\n- 将大气CO2固定转化为糖类\n\n3. 影响因素\n- 光照强度\n- 二氧化碳浓度\n- 温度\n- 水分供应\n\n4. 生态学意义\n- 全球初级生产力基础\n- 调节大气成分\n- 维持氧气平衡\n- 食物链根本\n\n光合作用本质上是一个将太阳能转化为生物可用化学能的惊人机制，对地球生命系统至关重要。",
